  1.50003781E+00  2.25000006E+00
  1.50008240E+00  2.25000037E+00
  1.50012523E+00  2.25000080E+00
  1.50016676E+00  2.25000121E+00
  1.50020832E+00  2.25000156E+00
  1.50025050E+00  2.25000190E+00
  1.50029303E+00  2.25000226E+00
  1.50033544E+00  2.25000263E+00
  1.50037756E+00  2.25000301E+00
  1.50041952E+00  2.25000338E+00
  1.50046151E+00  2.25000376E+00
  1.50050355E+00  2.25000414E+00
  1.50054560E+00  2.25000452E+00
  1.50058759E+00  2.25000490E+00
  1.50062952E+00  2.25000529E+00
  1.50067141E+00  2.25000568E+00
  1.50071329E+00  2.25000607E+00
  1.50075515E+00  2.25000646E+00
  1.50079699E+00  2.25000685E+00
  1.50083879E+00  2.25000725E+00
  1.50088057E+00  2.25000765E+00
  1.50092232E+00  2.25000805E+00
  1.50096405E+00  2.25000845E+00
  1.50100576E+00  2.25000886E+00
  1.50104745E+00  2.25000927E+00
  1.50108912E+00  2.25000967E+00
  1.50113076E+00  2.25001009E+00
  1.50117238E+00  2.25001050E+00
  1.50121398E+00  2.25001091E+00
  1.50125556E+00  2.25001133E+00
  1.50129712E+00  2.25001175E+00
  1.50133866E+00  2.25001217E+00
  1.50138018E+00  2.25001259E+00
  1.50142168E+00  2.25001301E+00
  1.50146316E+00  2.25001344E+00
  1.50150463E+00  2.25001386E+00
  1.50154607E+00  2.25001429E+00
  1.50158750E+00  2.25001472E+00
  1.50162891E+00  2.25001515E+00
  1.50167031E+00  2.25001559E+00
  1.50171168E+00  2.25001602E+00
  1.50175304E+00  2.25001646E+00
  1.50179438E+00  2.25001689E+00
  1.50183571E+00  2.25001733E+00
  1.50187702E+00  2.25001778E+00
  1.50191831E+00  2.25001822E+00
  1.50195959E+00  2.25001866E+00
  1.50200085E+00  2.25001911E+00
  1.50204210E+00  2.25001955E+00
  1.50208333E+00  2.25002000E+00
  1.50212455E+00  2.25002045E+00
  1.50216575E+00  2.25002090E+00
  1.50220694E+00  2.25002136E+00
  1.50224811E+00  2.25002181E+00
  1.50228927E+00  2.25002227E+00
  1.50233041E+00  2.25002273E+00
  1.50237154E+00  2.25002318E+00
  1.50241265E+00  2.25002364E+00
  1.50245375E+00  2.25002410E+00
  1.50249484E+00  2.25002457E+00
  1.50253592E+00  2.25002503E+00
  1.50257698E+00  2.25002550E+00
  1.50261803E+00  2.25002596E+00
  1.50265906E+00  2.25002643E+00
  1.50270008E+00  2.25002690E+00
  1.50274109E+00  2.25002737E+00
  1.50278209E+00  2.25002784E+00
  1.50282307E+00  2.25002832E+00
  1.50286404E+00  2.25002879E+00
  1.50290500E+00  2.25002927E+00
  1.50294595E+00  2.25002974E+00
  1.50298688E+00  2.25003022E+00
  1.50302780E+00  2.25003070E+00
  1.50306871E+00  2.25003118E+00
  1.50310961E+00  2.25003167E+00
  1.50315049E+00  2.25003215E+00
  1.50319137E+00  2.25003263E+00
  1.50323223E+00  2.25003312E+00
  1.50327308E+00  2.25003361E+00
  1.50331392E+00  2.25003409E+00
  1.50335475E+00  2.25003458E+00
  1.50339557E+00  2.25003507E+00
  1.50343637E+00  2.25003556E+00
  1.50347717E+00  2.25003606E+00
  1.50351795E+00  2.25003655E+00
  1.50355872E+00  2.25003705E+00
  1.50359949E+00  2.25003754E+00
  1.50364024E+00  2.25003804E+00
  1.50368098E+00  2.25003854E+00
  1.50372171E+00  2.25003904E+00
  1.50376243E+00  2.25003954E+00
  1.50380314E+00  2.25004004E+00
  1.50384384E+00  2.25004054E+00
  1.50388452E+00  2.25004105E+00
  1.50392520E+00  2.25004155E+00
  1.50396587E+00  2.25004206E+00
  1.50400653E+00  2.25004256E+00
  1.50404718E+00  2.25004307E+00
  1.50408781E+00  2.25004358E+00
  1.50412844E+00  2.25004409E+00
